simple_rnn/simple_rnn_cell/kernel:0
(1, 80)
[[ 0.13434196 -0.14375235  0.14456981 -0.19359134  0.13751741  0.17913151
  -0.01964252  0.23048858  0.06975234 -0.15671869 -0.00980758  0.0395702
  -0.18002774 -0.15647472  0.16518971  0.13361275 -0.09592363 -0.02774918
   0.1079198   0.13788283  0.14421393 -0.07707515  0.17465496 -0.00726271
   0.06238553 -0.07474617  0.17355993 -0.00582572 -0.10271455  0.0324216
   0.13525373  0.01160693 -0.07361044 -0.17821488 -0.10362576 -0.07219654
  -0.04469698  0.08008576 -0.01022066  0.02470052  0.17118521 -0.06596427
  -0.19160351  0.1588979   0.054425   -0.12732774 -0.13000737  0.10688169
   0.0268187   0.04006389 -0.16458376  0.07674883 -0.11394878 -0.05068069
   0.18848884 -0.17075607 -0.20710406  0.1838329   0.03469403 -0.0271714
  -0.12821664  0.10330325  0.17388894 -0.10554135  0.1605719   0.16556726
   0.04514627  0.04383841 -0.06664824 -0.08385013  0.08348498  0.19685689
   0.11752203 -0.05355988  0.12552768 -0.08721128 -0.18198705 -0.09700743
  -0.15087077 -0.17368738]]
simple_rnn/simple_rnn_cell/recurrent_kernel:0
(80, 80)
[[-0.24702922 -0.16659302 -0.05351578 ... -0.13171665 -0.06143658
   0.0726969 ]
 [ 0.02317037  0.08685578 -0.14599685 ... -0.20216818  0.05711465
   0.14384209]
 [ 0.00713633  0.19523017 -0.17859986 ...  0.1724731   0.00044347
  -0.06159488]
 ...
 [-0.03648252  0.15786983 -0.02215251 ... -0.06263479 -0.00191096
  -0.13684821]
 [-0.01193422 -0.00580972  0.19820338 ... -0.08868755  0.01049167
  -0.15248333]
 [ 0.10601502 -0.17154592  0.10575002 ... -0.06174743  0.07861874
  -0.08768451]]
simple_rnn/simple_rnn_cell/bias:0
(80,)
[-0.03023668  0.01538305 -0.02549584  0.03199551 -0.01783818 -0.02339842
  0.00291922 -0.01073321 -0.01750362  0.0208889  -0.00168183 -0.01448378
  0.02894245  0.02379683 -0.02374236 -0.03314083  0.01298753  0.00198471
 -0.00886443 -0.02645477 -0.03020893  0.01442415 -0.00755311 -0.0019705
 -0.00849527  0.01256099 -0.03853659 -0.00376477  0.01591286 -0.00583506
 -0.01942847 -0.00142955  0.00595605  0.0328815   0.02074373  0.0052964
 -0.0001588  -0.01461038  0.00408228 -0.0019488  -0.01678349  0.00943187
  0.02506145 -0.02301609 -0.00609282  0.02628221  0.02376142 -0.00946239
 -0.00210767 -0.00689598  0.02834054 -0.01251511  0.02276215  0.01740363
 -0.02204962  0.03793541  0.03042431 -0.02790285 -0.00448415  0.00599116
  0.02767732 -0.01966335 -0.0310942   0.01751555 -0.02554097 -0.03104638
 -0.00413338 -0.01773988  0.01419454  0.00905217 -0.01757124 -0.02062276
 -0.01460472  0.00867536 -0.02005204  0.01547763  0.01911969  0.01043277
  0.02296856  0.02307424]
simple_rnn_1/simple_rnn_cell_1/kernel:0
(80, 100)
[[-0.09976232 -0.01667677 -0.01762136 ...  0.134247    0.05124661
   0.10491347]
 [ 0.00215103  0.03206746  0.01090458 ... -0.01422465 -0.08649451
   0.06892114]
 [-0.12956022  0.06487034 -0.07913096 ...  0.11761951 -0.08828244
   0.1089517 ]
 ...
 [ 0.04056676 -0.02379891 -0.06170926 ...  0.04541509  0.18600367
  -0.13728672]
 [ 0.05340389 -0.10709924  0.03006321 ...  0.0041073   0.18263322
  -0.12599258]
 [ 0.10535445 -0.12492366 -0.12903312 ...  0.09766272  0.13996334
  -0.18571596]]
simple_rnn_1/simple_rnn_cell_1/recurrent_kernel:0
(100, 100)
[[-0.12553605 -0.0896185   0.09088982 ... -0.04145285 -0.18264054
  -0.08076478]
 [-0.00111996 -0.0205248  -0.02879181 ...  0.13130581 -0.00826836
  -0.11467384]
 [ 0.05094395  0.06100266 -0.00852834 ... -0.07267511 -0.05848696
  -0.02083853]
 ...
 [ 0.10591139 -0.05305764  0.03082986 ...  0.05453993 -0.01185995
  -0.02615278]
 [ 0.11763952  0.05916953  0.04425016 ...  0.0970279  -0.01190972
  -0.06962854]
 [-0.03992189 -0.13508454  0.10599323 ... -0.01002879 -0.11887526
  -0.0159887 ]]
simple_rnn_1/simple_rnn_cell_1/bias:0
(100,)
[-4.2113743e-04  5.8607925e-03 -5.2599050e-04 -2.0267046e-03
  2.6662918e-03 -4.4714732e-04 -1.0953490e-02  3.1862238e-03
 -5.2559539e-03 -6.3283960e-03 -3.1747795e-03 -1.3826016e-03
  1.2823133e-02  3.6411802e-03  8.2795339e-04  5.5319411e-03
  7.6402742e-03 -8.9057907e-03 -1.6143745e-02 -4.9221719e-04
  1.8295357e-03 -3.3597133e-04  1.2799199e-03  1.9203913e-03
 -4.2617819e-03  1.1235523e-03  7.6529747e-03  1.2363851e-03
  4.4790334e-03 -4.8250821e-03 -3.8596229e-03  1.9682242e-02
  7.9107936e-04  3.4998637e-03  8.2148195e-05  6.1825207e-03
  8.7012779e-03  8.7168468e-03  1.2342892e-02  6.9553098e-03
  1.2282923e-02 -3.7695565e-03 -1.7013564e-03 -7.9461671e-03
 -1.0179523e-02  4.7778748e-03  5.3971512e-03  4.0813307e-03
  2.8535209e-03 -4.8744176e-03  4.3017529e-03  1.1779659e-03
 -1.6630106e-02  2.6109260e-02  6.2471195e-03 -1.7259505e-02
  3.0184363e-04  5.2645616e-03 -4.7512921e-03  2.8344304e-03
  1.4569154e-02 -1.2373729e-03 -7.4538856e-04 -1.2814332e-02
  1.9106468e-03 -4.1061835e-04 -7.2226481e-05 -6.1669498e-04
  8.2990816e-03  9.1101538e-04  6.6119838e-03 -2.9826327e-03
 -4.8171375e-03  1.1484219e-02 -1.7732987e-03  1.3290981e-02
  1.9633225e-03  1.0091813e-02 -4.0874180e-05 -2.3660180e-03
  1.2656468e-02 -9.6518481e-03  1.6107418e-02  2.3317174e-03
 -5.2699274e-03  3.2430019e-03 -4.4042841e-03  4.1097653e-04
 -6.2766187e-03  3.9352565e-03 -5.8334470e-03  9.2606843e-03
  3.5066728e-03 -1.0946801e-02 -8.0261063e-03 -3.3002975e-03
  1.0607391e-02 -1.0222206e-03 -1.1185141e-02  1.5712008e-03]
dense/kernel:0
(100, 1)
[[-0.14571394]
 [ 0.08154871]
 [-0.09011675]
 [-0.05272641]
 [-0.06674778]
 [-0.02337927]
 [-0.13169156]
 [-0.20019628]
 [-0.08127259]
 [-0.09627386]
 [-0.1265251 ]
 [ 0.06979248]
 [ 0.07824729]
 [-0.06760522]
 [ 0.03713654]
 [-0.09362653]
 [ 0.12545863]
 [-0.173468  ]
 [-0.09742203]
 [-0.13559896]
 [ 0.12310164]
 [-0.1315584 ]
 [-0.10951627]
 [ 0.16219178]
 [ 0.05136825]
 [ 0.09820959]
 [ 0.17412712]
 [-0.14342001]
 [ 0.10881905]
 [ 0.15572904]
 [-0.16743235]
 [ 0.11967619]
 [-0.05490748]
 [ 0.1468001 ]
 [ 0.17351088]
 [ 0.09058259]
 [-0.11762995]
 [ 0.04643137]
 [ 0.10255028]
 [ 0.14875199]
 [ 0.1098351 ]
 [ 0.18776044]
 [-0.13102171]
 [-0.06021698]
 [-0.16053507]
 [-0.18189514]
 [ 0.07049683]
 [-0.04047265]
 [ 0.07338623]
 [-0.10081995]
 [ 0.15694977]
 [ 0.05243908]
 [-0.15423894]
 [ 0.04878708]
 [ 0.16383275]
 [-0.05783655]
 [-0.13732594]
 [-0.03398952]
 [-0.03922761]
 [ 0.12374763]
 [ 0.04160393]
 [-0.02652103]
 [-0.04980496]
 [-0.08655386]
 [-0.1231033 ]
 [ 0.13050762]
 [-0.07873421]
 [-0.12983371]
 [ 0.04445136]
 [-0.1253628 ]
 [ 0.09003878]
 [-0.17165093]
 [-0.1649484 ]
 [ 0.0648326 ]
 [ 0.04041904]
 [ 0.1227418 ]
 [-0.09140237]
 [ 0.16649702]
 [-0.04593426]
 [ 0.16832162]
 [ 0.08210389]
 [-0.07760068]
 [ 0.09943658]
 [ 0.0354239 ]
 [-0.08930979]
 [-0.17257723]
 [-0.16966544]
 [-0.05324997]
 [-0.08602451]
 [ 0.1601142 ]
 [ 0.02555223]
 [ 0.17152707]
 [ 0.17251189]
 [-0.19188267]
 [-0.19887178]
 [-0.06383552]
 [ 0.03433767]
 [-0.03549378]
 [-0.07530762]
 [ 0.14715984]]
dense/bias:0
(1,)
[0.15993057]
